wine_id,external_id,size,vintage,price,info,storage_area,quantity,internal_notes
wine_01gzr4ksd4nsbgy7pt1nwzq7k8,1.0,HALF_BOTTLE,0,9000.0,,,0,
wine_01h4pmmfdrsyc3d30fzdm74bn4,2.0,HALF_BOTTLE,0,9000.0,,,0,
wine_01gzr4ks5h4zp749zmdayb3sac,3.0,HALF_BOTTLE,0,6500.0,,,0,
wine_01h0my5re6wyxf3xam9rd1yn4z,5.0,HALF_BOTTLE,0,6000.0,,,0,
wine_01gzr4ks5t3r3m2xqxvqrmzvgc,6.0,HALF_BOTTLE,0,6500.0,,,0,
wine_01h0my5rqp4re1r7j537tvhbys,7.0,HALF_BOTTLE,0,3600.0,,,0,
wine_01gzr4ksk56cadmzq03npfe2jz,9.0,BOTTLE,2021,3000.0,,,0,
wine_01gzr4ksd91kx6d5rhyzts8a62,13.0,BOTTLE,2022,3500.0,,,0,
wine_01gzr4ksk5zqd3t9csd0yj26f7,14.0,BOTTLE,2021,3000.0,,,0,
wine_01gzr4ksppmrbs9bck881h9qrt,15.0,BOTTLE,2018,24000.0,,,0,
wine_01gzr4kt80f0t49p6s4b6nvkdv,17.0,BOTTLE,2020,2400.0,,,0,
wine_01gzr4ksd1fnr67jf8jfan1y6x,21.0,BOTTLE,2017,2400.0,,,0,
wine_01gzr4ksd13hpy7q0n03dkf2wb,22.0,BOTTLE,2020,19000.0,,,0,
wine_01h0sq492t3bv682bdbygjr8py,24.0,BOTTLE,2015,4000.0,,,0,
wine_01gzr4ksccj35519kgnp4kw2ym,25.0,BOTTLE,2017,7000.0,,,0,
wine_01gzr4ksccxkqxryxhnb6gavgx,26.0,MAGNUM,2016,17000.0,,,0,
wine_01gzr4ksccxkqxryxhnb6gavgx,27.0,BOTTLE,2016,8000.0,,,0,
wine_01gzr4ksccrmvta6snft247t35,28.0,BOTTLE,2015,8000.0,,,0,
wine_01gzr4kscc2q9h2vh9dzr6ja8q,30.0,BOTTLE,2013,11000.0,,,0,
wine_01gzr4ksccwywgnay6b8qpby5a,31.0,BOTTLE,2001,55000.0,,,0,
wine_01gzr4ksccwywgnay6b8qpby5a,31.0,BOTTLE,2002,55000.0,,,0,
wine_01gzr4kscc3eq3g9mgs0f5ns3f,32.0,BOTTLE,2008,24000.0,,,0,
wine_01gzr4kscc3eq3g9mgs0f5ns3f,32.0,BOTTLE,2010,24000.0,,,0,
wine_01gzr4kscc3eq3g9mgs0f5ns3f,33.0,MAGNUM,2007,48000.0,,,0,
wine_01gzr4kscc3eq3g9mgs0f5ns3f,33.0,MAGNUM,2008,48000.0,,,0,
wine_01gzr4kscc3eq3g9mgs0f5ns3f,33.0,MAGNUM,2009,48000.0,,,0,
wine_01h0qzm23rs8gaa77kqcm4f89w,34.0,BOTTLE,2018,4200.0,,,0,
wine_01h0qsxnwvj0g698rsxts8dvsp,35.0,BOTTLE,2010,5000.0,,,0,
wine_01gzr4kth2texnddca89anqz6c,39.0,BOTTLE,0,0.0,,,0,
wine_01h0my5rqp4re1r7j537tvhbys,40.0,BOTTLE,0,6800.0,,,0,
wine_01gzr4ksh5xsax54mcqey9ac0a,41.0,BOTTLE,2016,4500.0,,,0,
wine_01gzr4ksjs0gnpjetky8shmg91,42.0,BOTTLE,2014,6500.0,,,0,
wine_01h0my5sjnx64301y2df7hqnrp,43.0,BOTTLE,2012,5600.0,,,0,
wine_01h0my5sjn5cc9xe07q17vr7mx,44.0,BOTTLE,2008,6000.0,,,0,
wine_01gzr4kse4bg9s9j5b4s29c4dx,45.0,BOTTLE,0,4800.0,,,0,
wine_01gzr4ktfz8rdfpgmgkvghev9h,46.0,BOTTLE,0,6500.0,,,0,
wine_01gzr4ktfzcgrff12qdpgex4k7,47.0,BOTTLE,0,10000.0,,,0,
wine_01gzr4ktfz8rdfpgmgkvghev9h,48.0,BOTTLE,0,6500.0,,,0,
wine_01gzr4ktfz8rdfpgmgkvghev9h,49.0,MAGNUM,0,14000.0,,,0,
wine_01gzr4ktfzs2d8kjj99ks01c0n,50.0,MAGNUM,2014,36000.0,,,0,
wine_01gzr4ktfz37ac5e83ps4t15kn,51.0,BOTTLE,2001,19000.0,,,0,
wine_01gzr4ktfz37ac5e83ps4t15kn,51.0,BOTTLE,2016,19000.0,,,0,
wine_01gzr4ksccxtp2c61q9ev65fzx,52.0,BOTTLE,2019,6000.0,,,0,
wine_01gzr4kss4tr65wmc5v5h244be,53.0,BOTTLE,2013,5500.0,Grande Annata,,0,
wine_01gzr4kss4tr65wmc5v5h244be,53.0,BOTTLE,2016,5500.0,Grande Annata,,0,
wine_01gzr4kscc5tkafqr60hga5xms,54.0,BOTTLE,0,6500.0,,,0,
wine_01gzr4kscc5tkafqr60hga5xms,55.0,MAGNUM,0,14000.0,,,0,
wine_01gzr4kscc4rdc6dnh9v5jabtr,56.0,BOTTLE,0,8500.0,,,0,
wine_01gzr4kscc4rdc6dnh9v5jabtr,57.0,MAGNUM,0,18000.0,,,0,
wine_01gzr4ksccg1swcb7yb701kdpe,58.0,BOTTLE,2016,9000.0,,,0,
wine_01h0sq47xdxc0p1jdjxywpra6n,61.0,BOTTLE,0,3000.0,,,0,
wine_01h0my5sjmc5tbe60sjabdttmj,62.0,BOTTLE,0,3800.0,,,0,
wine_01h0my5sn7s32jqmgxrwcxyb46,63.0,BOTTLE,2021,3600.0,,,0,
wine_01h0my5sn8zdw62dmaf0vhqs6e,64.0,BOTTLE,2021,4000.0,,,0,
wine_01h0my5sn8af2fb2ph2r0g7f7f,65.0,BOTTLE,2021,4000.0,,,0,
wine_01h4pmmgg3nj2y2y0aqnxc9ek1,66.0,BOTTLE,2014,12000.0,,,0,
wine_01h4pmmgg3agcap38f1w7v37wc,67.0,BOTTLE,2009,12000.0,,,0,
wine_01hygjgaa4mnpg4cxnemd8vfb4,69.0,BOTTLE,0,11000.0,,,0,
wine_01gzr4ks5hvrwywht48ktm381b,70.0,BOTTLE,0,0.0,,,0,
wine_01h4pmmgnp2hq2etqw5bwe4zwy,72.0,BOTTLE,2012,13000.0,,,0,
wine_01h4pmmgfq7ay7vraqt0kz8w4e,73.0,MAGNUM,0,0.0,,,0,
wine_01h4pmmgfaraz8hy5zthavrbb9,75.0,BOTTLE,2014,18000.0,,,0,
wine_01h0f3cmbp43pck8nwdr89bezn,76.0,BOTTLE,2016,15000.0,,,0,
wine_01h0r2pq4jgfqamvz021fhvffn,77.0,BOTTLE,2012,48000.0,,,0,
wine_01h4pmmgg8zeyy0z42mgg7s841,78.0,BOTTLE,2017,15000.0,,,0,
wine_01hawwczejt9nsemved42hrr50,79.0,BOTTLE,0,13000.0,,,0,
wine_01hfxnejzf13cw868bj40j3jqs,81.0,BOTTLE,2016,20000.0,,,0,
wine_01harvcmefj0gsxmc45gsndaq2,82.0,BOTTLE,2013,17000.0,,,0,
wine_01gzr4ks64xrvh8avth7gvzhc4,83.0,BOTTLE,2008,16000.0,,,0,
wine_01h4pmmfead68h8v37hy7rhje9,84.0,BOTTLE,0,11000.0,,,0,
wine_01havweds7vbey7sfry1fheezs,85.0,BOTTLE,2012,14000.0,,,0,
wine_01h0f3cmbmbmvw01dpej19m1zp,86.0,BOTTLE,0,12000.0,,,0,
wine_01gzr4ksxc64qf9xsba2g0fwfw,87.0,BOTTLE,0,12000.0,,,0,
wine_01h4pmmfcv0ckb86r9aq2dh4kd,88.0,BOTTLE,0,0.0,,,0,
wine_01gzr4ks5t3r3m2xqxvqrmzvgc,91.0,BOTTLE,0,13000.0,,,0,
wine_01gzr4ks5tefbv8mz37yrb2ndk,92.0,MAGNUM,0,26000.0,,,0,
wine_01gzr4ks5tkz3teyz5d7mgv3q3,93.0,MAGNUM,0,0.0,,,0,
wine_01gzr4ks5tefbv8mz37yrb2ndk,94.0,JEROBOAM,0,59000.0,,,0,
wine_01gzr4ks5tqthh4jv8natgmek8,96.0,MAGNUM,2008,125000.0,,,0,
wine_01gzr4ks5tqthh4jv8natgmek8,97.0,BOTTLE,2008,49000.0,,,0,
wine_01gzr4ks5tqthh4jv8natgmek8,97.0,BOTTLE,2012,49000.0,,,0,
wine_01gzr4ks5tqthh4jv8natgmek8,98.0,BOTTLE,2013,39000.0,,,0,
wine_01gzr4ks5tqthh4jv8natgmek8,98.0,BOTTLE,2014,39000.0,,,0,
wine_01gzr4ks5tqthh4jv8natgmek8,98.0,BOTTLE,2015,39000.0,,,0,
wine_01gzr4ks7hs40y3jgkcmmk7q70,102.0,BOTTLE,2008,96000.0,,,0,
wine_01gzr4ks7hs40y3jgkcmmk7q70,103.0,BOTTLE,2006,78000.0,,,0,
wine_01h4pmmfdrsyc3d30fzdm74bn4,105.0,BOTTLE,0,18000.0,,,0,
wine_01h4pmmfdrsyc3d30fzdm74bn4,106.0,MAGNUM,0,36000.0,,,0,
wine_01gzr4ksd4nsbgy7pt1nwzq7k8,107.0,BOTTLE,0,18000.0,,,0,
wine_01gzr4ksd4nsbgy7pt1nwzq7k8,108.0,MAGNUM,0,36000.0,,,0,
wine_01hfxnejsjhvwbtmfdajpnndj4,109.0,BOTTLE,0,9000.0,,,0,
wine_01gzr4kt6snh4e896nvqvz6f5r,111.0,BOTTLE,0,10000.0,,,0,
wine_01gzr4ksxcd3ypjyq4a497yf1f,112.0,BOTTLE,0,0.0,,,0,
wine_01h4pmmfcxjg25jt2fnmtbbtbd,113.0,BOTTLE,2015,12000.0,,,0,
wine_01havwedmz0cfn438m5mf9zseq,114.0,BOTTLE,0,10000.0,,,0,
wine_01h0qsxnemv8xk4c0kjsscqd04,115.0,BOTTLE,2017,43000.0,,,0,
wine_01h0qsxnemh0egfd07es60sv39,116.0,BOTTLE,2017,33000.0,,,0,
wine_01h4pmmfcyag2hgf5m6tnry95y,117.0,BOTTLE,0,56000.0,,,0,
wine_01h0f3cmbpjm8rh2sjx82ksreg,118.0,BOTTLE,0,10000.0,,,0,
wine_01hfxnejwwbckmqegfz3v412af,119.0,BOTTLE,0,12000.0,,,0,
wine_01gzr4kssyrvy551d3m0h987nq,122.0,BOTTLE,0,68000.0,,,0,
wine_01h0f3cmbmghj9f4c14wg390vb,123.0,BOTTLE,0,10000.0,,,0,
wine_01gzr4ksd4ahar44dg95zgrg4g,124.0,BOTTLE,2013,20000.0,,,0,
wine_01h4pmmghf450gmej3xcj6c3vs,126.0,BOTTLE,0,11000.0,,,0,
wine_01h0my5re6wyxf3xam9rd1yn4z,127.0,BOTTLE,0,12000.0,,,0,
wine_01h0my5rrt1r2ydmdhff0wrg5q,130.0,BOTTLE,0,15000.0,,,0,
wine_01h4pmmgmvaj8ftjwran7dhxqx,131.0,BOTTLE,0,12000.0,,,0,
wine_01h0my5rrs3m77ttnbr79g2jzc,132.0,BOTTLE,0,9000.0,,,0,
wine_01h0my5rpc1c30ck3xhfnfaj97,133.0,BOTTLE,0,11000.0,,,0,
wine_01h4pmmfcxz2b9k7p481k52nqb,135.0,BOTTLE,0,0.0,,,0,
wine_01gzr4ks6dqqdj40ja42b0v4dd,137.0,BOTTLE,2014,11000.0,,,0,
wine_01h0qzm2xh2vjf6fefs91tegx6,138.0,BOTTLE,0,9000.0,,,0,
wine_01h4pmmfdtckrm6csns6nb7cxm,139.0,BOTTLE,0,80000.0,,,0,
wine_01gzr4ktsdjr7edgveykk4hs4s,140.0,BOTTLE,0,42000.0,,,0,
wine_01h0my5rrs2chf0z84bhxkd4mg,141.0,BOTTLE,0,92000.0,,,0,
wine_01h4pmmfcvjgjntaxer28gytqf,142.0,BOTTLE,0,72000.0,,,0,
wine_01h4pmmfcwyek2hk39xa0ed2wy,143.0,BOTTLE,2010,260000.0,,,0,
wine_01h4pmmfcwyek2hk39xa0ed2wy,144.0,BOTTLE,2009,190000.0,,,0,
wine_01h4pmmfcwyek2hk39xa0ed2wy,145.0,BOTTLE,2008,420000.0,,,0,
wine_01h4pmmfea63n51npjhkfzfjpm,149.0,BOTTLE,2017,13000.0,,,0,
wine_01gzr4kskdzwkhneyne30eksc5,151.0,BOTTLE,2015,15000.0,,,0,
wine_01gzr4kscbtrxfra499jsfa2z0,152.0,BOTTLE,0,10000.0,,,0,
wine_01gzr4kscbdmpbe7tzvxcphqce,153.0,BOTTLE,2013,15000.0,,,0,
wine_01gzr4kscbn1b1j0rwsn5s7ay7,154.0,BOTTLE,2013,15000.0,,,0,
wine_01gzr4ks6abzqqr48rezfg5fry,156.0,BOTTLE,2015,15000.0,,,0,
wine_01gzr4ksd7vexbj0rhdtag7bxq,157.0,BOTTLE,2002,135000.0,,,0,
wine_01gzr4ksd7vexbj0rhdtag7bxq,157.0,BOTTLE,2012,135000.0,,,0,
wine_01h4pmmgjktht4c340kxehkx76,158.0,BOTTLE,2012,10000.0,,,0,
wine_01gzr4ksc93gshb9ysern8935m,159.0,BOTTLE,2010,11000.0,,,0,
wine_01gzr4kt6jfpteywcwyj13v9gv,161.0,BOTTLE,0,0.0,,,0,
wine_01gzr4ktp49yxe8ez3jk5nxqfy,172.0,BOTTLE,2016,10000.0,,,0,
wine_01h0my5vp9jrde5ka6f81ta9y7,173.0,BOTTLE,0,10000.0,,,0,
wine_01h4pmmfcvbrfk9sa5g54hvhxb,174.0,BOTTLE,0,13000.0,,,0,
wine_01h4pmmfdg7tddsmbdd3hscyf4,175.0,BOTTLE,0,13000.0,,,0,
wine_01gzr4ks77wsdabt6vnn27vs4y,176.0,BOTTLE,0,14000.0,,,0,
wine_01gzr4ks77wsdabt6vnn27vs4y,177.0,MAGNUM,0,28000.0,,,0,
wine_01gzr4ks6y229v3p9003jmyzy6,180.0,BOTTLE,2008,33000.0,,,0,
wine_01gzr4ks6y229v3p9003jmyzy6,181.0,BOTTLE,2012,30000.0,,,0,
wine_01gzr4ks6y229v3p9003jmyzy6,182.0,BOTTLE,2014,26000.0,,,0,
wine_01gzr4ks6y229v3p9003jmyzy6,183.0,MAGNUM,2014,60000.0,,,0,
wine_01gzr4ks6y7k86r3w4pc0mytht,184.0,BOTTLE,2007,33000.0,,,0,
wine_01gzr4ks6y7k86r3w4pc0mytht,184.0,BOTTLE,2014,33000.0,,,0,
wine_01gzr4ks77n2nw0698j7t0b28f,187.0,BOTTLE,2008,250000.0,,,0,
wine_01gzr4ks77n2nw0698j7t0b28f,188.0,BOTTLE,2013,140000.0,,,0,
wine_01h4pmmgk1wgvaagav68sqpd59,190.0,BOTTLE,2015,21000.0,,,0,
wine_01h4pmmfcx5fa8rsb1f0k2n037,191.0,BOTTLE,2007,12500.0,,,0,
wine_01h4pmmfcx5fa8rsb1f0k2n037,191.0,BOTTLE,2010,12500.0,,,0,
wine_01gzr4ks65tqj5rfxg711cv4c1,192.0,BOTTLE,2006,15000.0,,,0,
wine_01gzr4ks65p39qhvwdmbstpvnq,193.0,BOTTLE,2017,14000.0,,,0,
wine_01h4pmmgrbv92np97x1s8zgrsr,194.0,BOTTLE,0,9500.0,,,0,
wine_01gzr4ks63wfk2356v53tm3gk4,195.0,BOTTLE,0,12000.0,,,0,
wine_01gzr4ks63m600dq3q01k6f92z,197.0,BOTTLE,2012,44000.0,,,0,
wine_01gzr4ksf3d9n1fdfsshg8xe26,199.0,BOTTLE,2020,5000.0,,,0,
wine_01gzr4ksy47x8wjdr8gd17n0kk,201.0,BOTTLE,2020,5500.0,,,0,
wine_01gzr4kt26x1kb0bg6j5zd2v5x,202.0,BOTTLE,2021,0.0,,,0,
wine_01gzr4kt26x1kb0bg6j5zd2v5x,202.0,BOTTLE,2022,0.0,,,0,
wine_01gzr4kt26x1kb0bg6j5zd2v5x,203.0,MAGNUM,2016,0.0,,,0,
wine_01h0qsxneg0cfkzrfqxvaffgcb,204.0,MAGNUM,2019,0.0,,,0,
wine_01h0my5vmv9hh4pzxqw2v06wy9,205.0,BOTTLE,2021,3600.0,,,0,
wine_01gzr4ksj2vhr6mzr4an8szhym,206.0,BOTTLE,2019,6800.0,,,0,
wine_01gzr4kt16x7xf11p195ys5yks,207.0,BOTTLE,2021,12000.0,,,0,
wine_01gzr4kt4cd1vwhr15ccs3m8zn,208.0,BOTTLE,2020,3800.0,,,0,
wine_01h0qsxmw6gpa9m3pff9p20tcp,215.0,BOTTLE,2022,3800.0,,,0,
wine_01h0qzm1v50ycesemx1rez16em,216.0,BOTTLE,2019,6000.0,,,0,
wine_01h0my5rjsy280zdn8ek2ebhzp,217.0,BOTTLE,2014,9500.0,,,0,
wine_01h0my5rjsy280zdn8ek2ebhzp,217.0,BOTTLE,2016,9500.0,,,0,
wine_01h0my5txwaayp8anmjb3vn03g,218.0,BOTTLE,2019,4500.0,,,0,
wine_01h0my5rjcmap9n1dhfr7akpc4,220.0,BOTTLE,2022,6000.0,,,0,
wine_01gzr4ksn59np0cz4842jxkmp5,221.0,MAGNUM,2013,23000.0,,,0,
wine_01gzr4ksn59np0cz4842jxkmp5,221.0,MAGNUM,2014,23000.0,,,0,
wine_01gzr4ksn59np0cz4842jxkmp5,221.0,MAGNUM,2015,23000.0,,,0,
wine_01h0sq492t2rf4h2vna6m4yfj8,222.0,BOTTLE,2019,4000.0,,,0,
wine_01gzr4ksnca96bwk4ndvb716sr,223.0,MAGNUM,2021,16000.0,,,0,
wine_01gzr4ksn5grvhh9d4baqmxq63,224.0,BOTTLE,2006,33000.0,,,0,
wine_01gzr4ksk9b3gdt3dksv5jy13q,226.0,BOTTLE,2013,9000.0,Bio,,0,
wine_01gzr4ksk9b3gdt3dksv5jy13q,226.0,BOTTLE,2012,9000.0,Bio,,0,
wine_01gzr4ksk9b3gdt3dksv5jy13q,227.0,BOTTLE,2017,8000.0,Bio,,0,
wine_01h4pmmfh6r404w55z8dcbj6d3,229.0,MAGNUM,2018,10000.0,,,0,
wine_01gzr4ksn55kqa21f0wdpx6t3r,230.0,BOTTLE,2019,12000.0,,,0,
wine_01gzr4ksn55kqa21f0wdpx6t3r,230.0,BOTTLE,2021,12000.0,,,0,
wine_01gzr4ksn55kqa21f0wdpx6t3r,231.0,MAGNUM,2015,29000.0,,,0,
wine_01gzr4ksn55kqa21f0wdpx6t3r,231.0,MAGNUM,2016,29000.0,,,0,
wine_01gzr4ksn55kqa21f0wdpx6t3r,232.0,MAGNUM,2017,26000.0,,,0,
wine_01gzr4ksn55kqa21f0wdpx6t3r,232.0,MAGNUM,2018,26000.0,,,0,
wine_01gzr4ksn5hrrj46e95x5nft46,234.0,BOTTLE,2022,3800.0,,,0,
wine_01gzr4kt4cqs8dyd1gha5w45km,235.0,BOTTLE,2021,0.0,,,0,
wine_01gzr4kskpz3t6pte1cfyvzpzv,236.0,BOTTLE,2021,6500.0,,,0,
wine_01gzr4kskpz3t6pte1cfyvzpzv,237.0,MAGNUM,2008,27000.0,,,0,
wine_01h0my5rgkjtn5vp1at82zz1ed,238.0,BOTTLE,2000,20000.0,,,0,
wine_01h0my5rgkjtn5vp1at82zz1ed,238.0,BOTTLE,1998,20000.0,,,0,
wine_01h0my5rgkd363dz8wazzs9tp8,239.0,BOTTLE,2011,3600.0,,,0,
wine_01h0my5rgkd363dz8wazzs9tp8,239.0,BOTTLE,2018,3600.0,,,0,
wine_01h0qzm19p4jtcg4nbywchx8v6,240.0,MAGNUM,2013,9500.0,,,0,
wine_01gzr4ksk66zzbqjtb85c2f5hn,242.0,BOTTLE,2021,0.0,,,0,
wine_01h0my5svs7adt53p5t6dv3xpr,244.0,BOTTLE,2018,4500.0,,,0,
wine_01h0qzm19q2htaxjpyc9ngnvmf,245.0,BOTTLE,2020,4000.0,,,0,
wine_01h0qzm19q2htaxjpyc9ngnvmf,245.0,BOTTLE,2021,4000.0,,,0,
wine_01gzr4ksk51jnpkk9pxe4ygtvq,246.0,BOTTLE,2021,4600.0,,,0,
wine_01gzr4ksk51jnpkk9pxe4ygtvq,247.0,BOTTLE,2012,6500.0,,,0,
wine_01h4pmmfqcjbp42habfgj9yykj,248.0,BOTTLE,2020,4000.0,,,0,
wine_01gzr4kskwkxw69zjd4ckcrgy3,249.0,BOTTLE,2019,5500.0,,,0,
wine_01gzr4kt12dq08d0vr0fc5n8j4,250.0,BOTTLE,2019,0.0,,,0,
wine_01hyjyzv1ammcyyv7bgcp5yrh8,251.0,BOTTLE,2009,6500.0,,,0,
wine_01gzr4kt12hbzsg49mgzn084w8,252.0,BOTTLE,2018,7500.0,,,0,
wine_01gzr4kt12hbzsg49mgzn084w8,252.0,BOTTLE,2019,7500.0,,,0,
wine_01gzr4ksk550tpn2vchzczedvk,253.0,BOTTLE,2015,6500.0,,,0,
wine_01gzr4ksd9kfp30jtsgmty7rzt,254.0,BOTTLE,2010,12000.0,,,0,
wine_01gzr4ksd9kfp30jtsgmty7rzt,254.0,BOTTLE,2011,12000.0,,,0,
wine_01gzr4ksd9kfp30jtsgmty7rzt,254.0,BOTTLE,2014,12000.0,,,0,
wine_01gzr4ksd9kfp30jtsgmty7rzt,254.0,BOTTLE,2015,12000.0,,,0,
wine_01gzr4ksd9kfp30jtsgmty7rzt,255.0,MAGNUM,2010,24000.0,,,0,
wine_01gzr4kt12xjdxrptksrwbekv4,256.0,BOTTLE,2018,5000.0,,,0,
wine_01h0qzm1qd8km47xh7qfxcr9c8,257.0,BOTTLE,2020,3600.0,,,0,
wine_01gzr4ksk6gwf3fqw0mn8vq1ej,260.0,BOTTLE,2020,11000.0,,,0,
wine_01gzr4ksk6gwf3fqw0mn8vq1ej,260.0,BOTTLE,2021,11000.0,,,0,
wine_01h0my5svsgp6e59aak2hw96yx,261.0,BOTTLE,2018,5000.0,,,0,
wine_01gzr4ksmhxm0y1ms8d03q6rma,262.0,BOTTLE,2016,3800.0,,,0,
wine_01gzr4ksm64xrr18y47rpcfxx0,263.0,BOTTLE,2021,8000.0,,,0,
wine_01h0sq48bytq71nz8v5312vcpq,264.0,BOTTLE,2017,3800.0,,,0,
wine_01gzr4kt15s79cmyjcmq5k4bwm,266.0,BOTTLE,2017,6500.0,,,0,
wine_01gzr4kt15s79cmyjcmq5k4bwm,266.0,BOTTLE,2018,6500.0,,,0,
wine_01gzr4kt15s79cmyjcmq5k4bwm,267.0,MAGNUM,2020,0.0,,,0,
wine_01h0sq48tgfhzehf4pngw112sx,268.0,BOTTLE,2017,8500.0,,,0,
wine_01h0qzm233zwqe7p05923rhgpz,269.0,BOTTLE,2020,12000.0,,,0,
wine_01gzr4ksrpkdm7peeafhc51gc8,270.0,BOTTLE,2018,4800.0,,,0,
wine_01gzr4ksrp0ck9zdd6hnnhwhew,272.0,BOTTLE,2021,0.0,,,0,
wine_01gzr4ksrq9ze45xa65j5jpnm1,273.0,BOTTLE,2018,6500.0,,,0,
wine_01gzr4ksd8krmx1tmzcfkpswtx,274.0,BOTTLE,2013,28000.0,,,0,
wine_01gzr4ksd8krmx1tmzcfkpswtx,274.0,BOTTLE,2014,28000.0,,,0,
wine_01gzr4ksd8krmx1tmzcfkpswtx,275.0,BOTTLE,2015,27000.0,,,0,
wine_01gzr4ksd8krmx1tmzcfkpswtx,275.0,BOTTLE,2016,27000.0,,,0,
wine_01gzr4ksd8krmx1tmzcfkpswtx,275.0,BOTTLE,2017,27000.0,,,0,
wine_01h0sq4825xvh6ez7sw935r3kb,276.0,BOTTLE,2018,8500.0,,,0,
wine_01h0qsxn0b5gej8pexbnc1btgh,277.0,BOTTLE,2018,4000.0,,,0,
wine_01gzr4ksrwwfbaeenbzbgrnhg2,279.0,BOTTLE,2021,5000.0,,,0,
wine_01h0r2ppzrrcs857jdvpbp1v7h,280.0,BOTTLE,2016,3800.0,,,0,
wine_01h0my5sjb8at29rmwtd2r5ycq,281.0,BOTTLE,2011,3500.0,,,0,
wine_01h0my5sjb8at29rmwtd2r5ycq,281.0,BOTTLE,2013,3500.0,,,0,
wine_01h0my5sjb8at29rmwtd2r5ycq,281.0,BOTTLE,2014,3500.0,,,0,
wine_01hcycw4zkp928m8gksvxtwz69,284.0,BOTTLE,2018,10000.0,,,0,
wine_01hcw4dg633hqabn7wbjmk64at,285.0,BOTTLE,2022,3200.0,,,0,
wine_01gzr4ksq1qykwetyb3dj5ystz,286.0,BOTTLE,2021,4000.0,,,0,
wine_01h0qzm0e3xds16yz51aax6hpy,288.0,BOTTLE,2022,0.0,,,0,
wine_01h4pmmfncj7qxmmsqdka4p2az,289.0,BOTTLE,2020,0.0,,,0,
wine_01h0f3cmc69t7em51d8h63m4f7,290.0,BOTTLE,2016,3800.0,,,0,
wine_01h0qzm0yrtks7ghvfghk3r81e,291.0,BOTTLE,2019,0.0,,,0,
wine_01gzr4kspp1wft0m7a4hmjh53e,292.0,BOTTLE,2017,24000.0,,,0,
wine_01gzr4kspp1wft0m7a4hmjh53e,292.0,BOTTLE,2020,24000.0,,,0,
wine_01gzr4ktg913wn0by6c7hytwaw,293.0,BOTTLE,2021,6800.0,,,0,
wine_01gzr4ksppmrbs9bck881h9qrt,294.0,BOTTLE,2020,48000.0,,,0,
wine_01gzr4ksppmrbs9bck881h9qrt,294.0,BOTTLE,2021,48000.0,,,0,
wine_01gzr4ktrfddxje37nb8mgzdsg,295.0,BOTTLE,2022,4500.0,,,0,
wine_01gzr4kspzmnx7513yw6j9qar7,296.0,BOTTLE,2021,7000.0,,,0,
wine_01gzr4kspzmnx7513yw6j9qar7,297.0,MAGNUM,2021,0.0,,,0,
wine_01gzr4kt89zqvkjatjny9g85qz,299.0,BOTTLE,2019,3600.0,,,0,
wine_01gzr4ktja7neg5pd7pnyc3jgb,304.0,BOTTLE,2017,7000.0,,,0,
wine_01h0my5shaffn42ts3tdtk4tj7,306.0,BOTTLE,2020,17000.0,,,0,
wine_01gzr4kt7xrqv7e5r3hbh31kx2,307.0,BOTTLE,2016,4500.0,,,0,
wine_01gzr4kt10g9hzyrx660tfc373,308.0,BOTTLE,2019,16500.0,,,0,
wine_01gzr4ksd3b397szz15dat7s7b,312.0,BOTTLE,2006,20000.0,,,0,
wine_01gzr4ksd3b397szz15dat7s7b,312.0,BOTTLE,2007,20000.0,,,0,
wine_01gzr4ksd3b397szz15dat7s7b,314.0,MAGNUM,2021,26000.0,,,0,
wine_01gzr4ksd3b397szz15dat7s7b,315.0,JEROBOAM,2009,65000.0,,,0,
wine_01gzr4ksd3b397szz15dat7s7b,315.0,JEROBOAM,2012,65000.0,,,0,
wine_01gzr4ksd3b397szz15dat7s7b,316.0,JEROBOAM,2013,59000.0,,,0,
wine_01gzr4ksd3b397szz15dat7s7b,316.0,JEROBOAM,2015,59000.0,,,0,
wine_01gzr4ksd3b397szz15dat7s7b,317.0,JEROBOAM,2018,59000.0,,,0,
wine_01gzr4ksd3b397szz15dat7s7b,317.0,JEROBOAM,2019,59000.0,,,0,
wine_01gzr4kstqhwmt00n6fee3qfdk,318.0,BOTTLE,2022,5000.0,,,0,
wine_01hawwcxa5ss4dv66h835pr4kq,319.0,BOTTLE,2017,6000.0,,,0,
wine_01gzr4ksts83rx7zekapz1qw5q,320.0,BOTTLE,2019,7000.0,,,0,
wine_01h4pmmgkeee5q9fnpwpafwdqr,321.0,BOTTLE,2011,4600.0,,,0,
wine_01hawwcxkfk44jjrnyfrs6sbrv,323.0,BOTTLE,2015,17000.0,,,0,
wine_01harvcmenekdm8bbasvtk0sm2,324.0,BOTTLE,2018,16000.0,,,0,
wine_01gzr4ktmxf5wt2qsw6amzjp8z,325.0,MAGNUM,2019,19000.0,,,0,
wine_01gzr4ksxba4zjcqcjk5fczd1s,326.0,BOTTLE,2006,16000.0,,,0,
wine_01gzr4ksxba4zjcqcjk5fczd1s,326.0,BOTTLE,2007,16000.0,,,0,
wine_01gzr4kstybvqr6mcqt0qt43rr,327.0,BOTTLE,2018,37000.0,,,0,
wine_01gzr4kstybvqr6mcqt0qt43rr,327.0,BOTTLE,2019,37000.0,,,0,
wine_01gzr4kstybvqr6mcqt0qt43rr,327.0,BOTTLE,2020,37000.0,,,0,
wine_01gzr4kstppr69je9jedmns1pd,328.0,BOTTLE,2017,58000.0,,,0,
wine_01hcw4dfcv6t4vpwp79chgzjws,330.0,BOTTLE,2019,35000.0,,,0,
wine_01hcw4dfcv6t4vpwp79chgzjws,330.0,BOTTLE,2020,35000.0,,,0,
wine_01gzr4kste4vzq6fcnyrtwt07k,331.0,BOTTLE,2019,47000.0,,,0,
wine_01gzr4ksvqfsr5nmh6jwdbfqqe,333.0,BOTTLE,2018,11000.0,,,0,
wine_01gzr4ksv3abt1kc9w29g2xd4w,334.0,BOTTLE,2019,13000.0,,,0,
wine_01gzr4ksv37578bc9ywajnv4s0,335.0,BOTTLE,2020,13000.0,,,0,
wine_01gzr4kstdrs7e2y6ptkzac6fh,336.0,BOTTLE,2019,13000.0,,,0,
wine_01gzr4kstdjs98w583fxvmfyja,337.0,BOTTLE,2019,15000.0,,,0,
wine_01gzr4kstdjs98w583fxvmfyja,337.0,BOTTLE,2017,15000.0,,,0,
wine_01gzr4kste8g2nqqvbvn77ds94,338.0,BOTTLE,2019,17000.0,,,0,
wine_01gzr4ksxm7z53xqnznq7w21rc,339.0,BOTTLE,2019,15000.0,,,0,
wine_01gzr4ktkzyjh796ays87vw7r4,340.0,BOTTLE,2015,15000.0,,,0,
wine_01gzr4kstybfv1vhy6qkzq6hsq,341.0,BOTTLE,2019,17000.0,,,0,
wine_01gzr4ksvp15qrwpkcpxz5q8bz,342.0,BOTTLE,2020,14000.0,,,0,
wine_01gzr4ksvpnekdhsee88hd14ww,343.0,BOTTLE,2020,19000.0,,,0,
wine_01gzr4ktsfsk0rfnfc2aj3xj13,344.0,BOTTLE,2017,0.0,,,0,
wine_01hcwsykdcqj2xjx0107jqbdz7,345.0,BOTTLE,2013,0.0,,,0,
wine_01hawwcxc5q5p1974tb79krfzz,346.0,BOTTLE,2019,58000.0,,,0,
wine_01hawwcxbzcth6tf2hmtgk3mq3,347.0,BOTTLE,2018,55000.0,,,0,
wine_01hawwcxbzcth6tf2hmtgk3mq3,347.0,BOTTLE,2019,55000.0,,,0,
wine_01hawwcxc55sd04q8rde2pw4cr,348.0,BOTTLE,2017,52000.0,,,0,
wine_01hawwcxc55sd04q8rde2pw4cr,348.0,BOTTLE,2018,52000.0,,,0,
wine_01hawwcxc55sd04q8rde2pw4cr,348.0,BOTTLE,2019,52000.0,,,0,
wine_01h4pmmgx2vxn81y1pmn68348x,349.0,BOTTLE,2018,49000.0,,,0,
wine_01h4pmmgx2vxn81y1pmn68348x,349.0,BOTTLE,2019,49000.0,,,0,
wine_01h0qsxn6akerzgy8tfwke2gqm,350.0,BOTTLE,2020,15000.0,,,0,
wine_01gzr4kstyystnkez90vjha1sk,351.0,BOTTLE,2018,80000.0,,,0,
wine_01hawwcxedp82qfnkha79f4g4z,352.0,BOTTLE,2007,2250000.0,,,0,
wine_01gzr4kst6hhfx8tpaaqgxdw37,353.0,BOTTLE,2020,250000.0,,,0,
wine_01hcw4dfx43dm927r04hakvyj6,354.0,BOTTLE,2021,0.0,,,0,
wine_01gzr4ksv0j1aky97gt9mtd6w3,355.0,BOTTLE,2015,110000.0,,,0,
wine_01gzr4ksv0j1aky97gt9mtd6w3,355.0,BOTTLE,2017,110000.0,,,0,
wine_01gzr4ksv0j1aky97gt9mtd6w3,355.0,BOTTLE,2019,110000.0,,,0,
wine_01gzr4ktkpe5jv9ync6vtwx8kn,356.0,BOTTLE,2019,1350000.0,,,0,
wine_01hcw4dg2c3pt44yezp32snj1h,357.0,BOTTLE,2008,430000.0,,,0,
wine_01hcw4dg2c3pt44yezp32snj1h,358.0,BOTTLE,2018,320000.0,,,0,
wine_01hawwcxq7z3ez00fesjvcpvph,360.0,BOTTLE,2019,23000.0,,,0,
wine_01gzr4ksv3m1w7gf2an9mfs7jd,362.0,BOTTLE,2020,12000.0,,,0,
wine_01gzr4ksvqfb3gkn3jenfc2p1y,364.0,BOTTLE,2020,19000.0,,,0,
wine_01gzr4kst6h46pjk362sabef80,365.0,BOTTLE,2015,58000.0,,,0,
wine_01gzr4kst6h46pjk362sabef80,365.0,BOTTLE,2019,58000.0,,,0,
wine_01gzr4kstym06q8t9jzgpeedvx,367.0,BOTTLE,2019,18000.0,,,0,
wine_01gzr4kstym06q8t9jzgpeedvx,367.0,BOTTLE,2020,18000.0,,,0,
wine_01h0b4rjfc74pnrrp9qm8b398s,368.0,BOTTLE,2016,8000.0,,,0,
wine_01h0my5vr710yhykfjjnwbdcz0,369.0,BOTTLE,2017,9000.0,,,0,
wine_01h0my5rq1vks04zk4qxmnj8cp,373.0,BOTTLE,2019,7500.0,,,0,
wine_01hfv41sh6r5ck6a5abnbn320t,375.0,BOTTLE,2016,45000.0,,,0,
wine_01harvcm2q7bp8j4d20k10q64b,377.0,BOTTLE,2019,4500.0,,,0,
wine_01harvcm2x8d0ab7szxdfsvs4d,379.0,BOTTLE,2020,4500.0,,,0,
wine_01h4pmmh1bhkgv56mkpb55fbva,380.0,BOTTLE,2018,24000.0,,,0,
wine_01h4pmmh1bhkgv56mkpb55fbva,380.0,BOTTLE,2017,24000.0,,,0,
wine_01gzr4ksy4pedwgykbhvq1rcm8,382.0,BOTTLE,2022,4800.0,,,0,
wine_01gzr4ksy44gxm4sejjrckq5xk,383.0,BOTTLE,2022,5500.0,,,0,
wine_01gzr4ksxrtfkde50bzdpyb3kg,384.0,BOTTLE,2021,0.0,,,0,
wine_01gzr4ksxrpadnt38m4hdz2hha,385.0,BOTTLE,2015,12000.0,,,0,
wine_01hawwcx4cmz7eyg2fm1dp2rxp,386.0,BOTTLE,2021,5500.0,,,0,
wine_01gzr4ksxrqgbhfev2hgw64r3c,388.0,BOTTLE,2011,7500.0,,,0,
wine_01gzr4ksxrqgbhfev2hgw64r3c,388.0,BOTTLE,2018,7500.0,,,0,
wine_01gzr4ksxrn0y668kcb0xg986w,389.0,BOTTLE,2016,7000.0,,,0,
wine_01gzr4ksxrn0y668kcb0xg986w,389.0,BOTTLE,2021,7000.0,,,0,
wine_01gzr4ksxrn0y668kcb0xg986w,389.0,BOTTLE,2022,7000.0,,,0,
wine_01gzr4ksyde8h8s9126qatbhte,392.0,BOTTLE,2018,7500.0,,,0,
wine_01h4pmmh5rcp01zbgn41e95rbh,397.0,BOTTLE,2011,15000.0,,,0,
wine_01h4pmmh414j55bk2nrrzawgkf,399.0,BOTTLE,2008,12000.0,,,0,
wine_01h0r2pq6yfpk9qt213p1ykakw,400.0,BOTTLE,2020,7500.0,,,0,
wine_01h0r2pq6yfpk9qt213p1ykakw,400.0,BOTTLE,2021,7500.0,,,0,
wine_01h4pmmfxmg3tshz1vz2wqm78s,405.0,BOTTLE,2017,15000.0,,,0,
wine_01h4pmmfxmg3tshz1vz2wqm78s,406.0,MAGNUM,2013,39000.0,,,0,
wine_01h4pmmh3dtp3twpzwchzm7xr8,407.0,BOTTLE,2022,4000.0,,,0,
wine_01h4pmmh3e6s5x3a0tyq06xt6r,412.0,BOTTLE,2017,4800.0,,,0,
wine_01harvcmn5y41rrv0d97v054pz,414.0,BOTTLE,2018,4000.0,,,0,
wine_01harvcmjxcp357nw7dv3v0f6j,418.0,BOTTLE,2022,6500.0,,,0,
wine_01h4pmmfy7xmajejgyy80n6y9j,420.0,BOTTLE,2018,5500.0,,,0,
wine_01h4pmmfy7xmajejgyy80n6y9j,421.0,BOTTLE,2017,7500.0,,,0,
wine_01hcw4dfasr0pv4e6zn4ars6bx,424.0,BOTTLE,2018,5800.0,,,0,
wine_01gzr4ksen9n9t4br9rkv5r8tz,426.0,BOTTLE,2017,4000.0,,,0,
wine_01h4pmmgbw6der283t6yhbyg9f,428.0,BOTTLE,2012,40000.0,,,0,
wine_01h4pmmgbw6der283t6yhbyg9f,428.0,BOTTLE,2013,40000.0,,,0,
wine_01h4pmmgbw6der283t6yhbyg9f,428.0,BOTTLE,2015,40000.0,,,0,
wine_01gzr4kt1k9nn59ds3pr5ma5en,429.0,BOTTLE,2017,17000.0,,,0,
wine_01gzr4kt1k9nn59ds3pr5ma5en,430.0,MAGNUM,2016,35000.0,,,0,
wine_01h0my5vp4wnrh91q4q675g0ey,433.0,BOTTLE,2015,11000.0,,,0,
wine_01gzr4kt2d3zbhbqbyhv8v3ghd,434.0,MAGNUM,2012,25000.0,,,0,
wine_01gzr4kt2dzfcn865fd5w1qp3c,435.0,MAGNUM,2015,18000.0,,,0,
wine_01gzr4kt26xa2kf0g9zy74sr0a,437.0,BOTTLE,2013,39000.0,,,0,
wine_01gzr4kt33mk5zagrvq5fpwwxa,439.0,BOTTLE,2009,0.0,,,0,
wine_01gzr4kt32pawps1sxza35hptt,440.0,BOTTLE,2012,48000.0,,,0,
wine_01gzr4kt32pawps1sxza35hptt,440.0,BOTTLE,2013,48000.0,,,0,
wine_01gzr4kt32pawps1sxza35hptt,441.0,BOTTLE,2015,44000.0,,,0,
wine_01gzr4kthx4z7v88ybkz5evwne,443.0,BOTTLE,2013,0.0,,,0,
wine_01h0qzm1ah0vtwpv9qj3nmb9za,444.0,BOTTLE,2011,14000.0,,,0,
wine_01gzr4ksd1fnr67jf8jfan1y6x,447.0,MAGNUM,2018,10000.0,,,0,
wine_01gzr4kt31tyyea9ddsygjetqb,448.0,BOTTLE,2017,4000.0,,,0,
wine_01gzr4kt31mrbzsw3ekn8qkdqh,452.0,BOTTLE,2017,6000.0,,,0,
wine_01havwedqbvzakn3x9m9xmnp2s,453.0,BOTTLE,2021,0.0,,,0,
wine_01havwedqbvzakn3x9m9xmnp2s,454.0,MAGNUM,2021,0.0,,,0,
wine_01h0r2ppc0tpcm5hdrfgem4rek,455.0,BOTTLE,2013,32000.0,,,0,
wine_01h0r2ppc0tpcm5hdrfgem4rek,456.0,BOTTLE,2015,34000.0,,,0,
wine_01gzr4ksd6tm16eae9c8tj0thw,457.0,BOTTLE,2018,10000.0,,,0,
wine_01gzr4ksd473ccgdn8r8fnk84h,458.0,BOTTLE,2019,0.0,,,0,
wine_01h0r2ppzr13k1r7hvejqej64e,459.0,BOTTLE,2015,13000.0,,,0,
wine_01gzr4kt23cfhph43grfp8xgmt,460.0,BOTTLE,2015,11000.0,,,0,
wine_01gzr4kt23cfhph43grfp8xgmt,460.0,BOTTLE,2016,11000.0,,,0,
wine_01gzr4kt23cfhph43grfp8xgmt,460.0,BOTTLE,2017,11000.0,,,0,
wine_01gzr4kt23cfhph43grfp8xgmt,461.0,BOTTLE,1999,20000.0,,,0,
wine_01hfhcm31h9hg1m48sckbet6x1,463.0,BOTTLE,2015,5000.0,,,0,
wine_01h0qzm19pwkwangbjqxq1x6r3,464.0,BOTTLE,2019,0.0,,,0,
wine_01h0qzm1sfe27vsfbw0h3d3dn4,465.0,BOTTLE,2007,25000.0,,,0,
wine_01h0qzm1sfe27vsfbw0h3d3dn4,465.0,BOTTLE,2008,25000.0,,,0,
wine_01h0qzm1sfe27vsfbw0h3d3dn4,465.0,BOTTLE,2009,25000.0,,,0,
wine_01h0qzm1sfe27vsfbw0h3d3dn4,466.0,MAGNUM,2006,52000.0,,,0,
wine_01gzr4kskfbe1hjw57hjvxrfzr,467.0,BOTTLE,2018,0.0,,,0,
wine_01hhmbadyae50epsqp1jamz2h4,468.0,BOTTLE,2020,0.0,,,0,
wine_01h0qsxnqwz4tmpv441re5d8f7,469.0,BOTTLE,2019,5000.0,,,0,
wine_01h0qzm19qes7qbn2wrttyjfva,470.0,BOTTLE,2021,0.0,,,0,
wine_01gzr4ksk6snjfev5zvksfyc4k,472.0,BOTTLE,2019,16000.0,,,0,
wine_01gzr4ksk7dfr3jwtwh28199qb,473.0,BOTTLE,2019,20000.0,,,0,
wine_01h0qzm1sf0snnv0rxb9886jxd,474.0,BOTTLE,2007,27000.0,,,0,
wine_01h0qzm1sf0snnv0rxb9886jxd,475.0,MAGNUM,2006,56000.0,,,0,
wine_01gzr4ktsxpkg24amr15814y8x,477.0,BOTTLE,2018,6500.0,,,0,
wine_01gzr4ksd7nkzvrd352xa1jetm,478.0,BOTTLE,2020,7500.0,,,0,
wine_01gzr4ksd7nkzvrd352xa1jetm,478.0,BOTTLE,2021,7500.0,,,0,
wine_01gzr4ksd7nkzvrd352xa1jetm,479.0,MAGNUM,2021,16000.0,,,0,
wine_01gzr4ktqxpjnefn752de7b0p3,480.0,BOTTLE,2021,3800.0,,,0,
wine_01gzr4kt5eeaxxj5rtr8c45arj,481.0,BOTTLE,2021,0.0,,,0,
wine_01h0r2pq4wa1cmrhafqgapa7cg,482.0,MAGNUM,2019,7000.0,,,0,
wine_01gzr4kse5v0yqw6m7wxs5y33s,484.0,BOTTLE,2019,7000.0,,,0,
wine_01h0b4rjgcs8ejbzrg36vr57d9,485.0,BOTTLE,2018,0.0,,,0,
wine_01h0b4rjfh6nftxym59ryrfqt5,486.0,BOTTLE,2015,11000.0,,,0,
wine_01gzr4kspzzxg62wzrjnvw7y9t,487.0,BOTTLE,2013,7000.0,,,0,
wine_01gzr4ktqw2t4kw43wwfsv9czv,489.0,BOTTLE,2020,4500.0,,,0,
wine_01gzr4kt5eszssk2pmp3zbs7as,490.0,BOTTLE,2021,0.0,,,0,
wine_01gzr4ktrgy02hyz452fwfj5yy,491.0,MAGNUM,2016,17000.0,,,0,
wine_01gzr4ktqxsvrg1yjng5yxj523,492.0,BOTTLE,2021,3500.0,,,0,
wine_01gzr4ksd2q77fb88zxfbzs90f,493.0,BOTTLE,2016,8000.0,,,0,
wine_01gzr4ksd2q77fb88zxfbzs90f,493.0,BOTTLE,2019,8000.0,,,0,
wine_01gzr4ksd2q77fb88zxfbzs90f,494.0,JEROBOAM,2016,34000.0,,,0,
wine_01gzr4kts27p4kajygc89h1rdr,495.0,BOTTLE,2019,8000.0,,,0,
wine_01h0my5sceqfvgpdtwagtfbpat,496.0,BOTTLE,2015,0.0,,,0,
wine_01h0my5sceqfvgpdtwagtfbpat,497.0,MAGNUM,2015,0.0,,,0,
wine_01h0my5scc7ch2j0eg2ak26qer,498.0,BOTTLE,2019,10000.0,,,0,
wine_01h0my5scc7ch2j0eg2ak26qer,498.0,BOTTLE,2018,10000.0,,,0,
wine_01h0my5sc8ag2a0h2dgqwefrqp,499.0,BOTTLE,2019,13000.0,,,0,
wine_01h0my5sc8ag2a0h2dgqwefrqp,499.0,BOTTLE,2020,13000.0,,,0,
wine_01h0my5sc8ag2a0h2dgqwefrqp,500.0,MAGNUM,2019,27000.0,,,0,
wine_01h0my5sc8ag2a0h2dgqwefrqp,501.0,JEROBOAM,2019,56000.0,,,0,
wine_01h0my5scc7ch2j0eg2ak26qer,502.0,MAGNUM,2019,18000.0,,,0,
wine_01gzr4ksd3m8y62ggabzd1kdmg,503.0,BOTTLE,2016,42000.0,,,0,
wine_01gzr4ksd3m8y62ggabzd1kdmg,503.0,BOTTLE,2020,42000.0,,,0,
wine_01h0my5sc8vd986x3ce79gtejz,504.0,BOTTLE,2014,43000.0,,,0,
wine_01h0my5sc8vd986x3ce79gtejz,505.0,MAGNUM,2011,98000.0,,,0,
wine_01gzr4ksrrp4k1fg23vemy13b8,506.0,BOTTLE,2012,80000.0,,,0,
wine_01gzr4ksrrcfp39fb2hfbwgn86,507.0,BOTTLE,2016,31000.0,,,0,
wine_01gzr4ksrrcfp39fb2hfbwgn86,508.0,BOTTLE,2018,28000.0,,,0,
wine_01gzr4ktfx1mgms96rwcdamv5t,509.0,BOTTLE,2014,39000.0,,,0,
wine_01gzr4ktfx1mgms96rwcdamv5t,510.0,BOTTLE,2016,64000.0,,,0,
wine_01gzr4ktfx00y8jhtcs3gw1v80,511.0,BOTTLE,2013,49000.0,,,0,
wine_01gzr4ktfx00y8jhtcs3gw1v80,512.0,BOTTLE,2014,39000.0,,,0,
wine_01gzr4ktfx00y8jhtcs3gw1v80,512.0,BOTTLE,2015,39000.0,,,0,
wine_01gzr4ktfx00y8jhtcs3gw1v80,513.0,BOTTLE,2016,58000.0,,,0,
wine_01gzr4ksrr6qtq05b5crwe51f3,514.0,MAGNUM,2011,80000.0,,,0,
wine_01gzr4ksrr6qtq05b5crwe51f3,514.0,MAGNUM,2014,80000.0,,,0,
wine_01gzr4ksrr6qtq05b5crwe51f3,515.0,MAGNUM,2013,90000.0,,,0,
wine_01gzr4ksrr6qtq05b5crwe51f3,515.0,MAGNUM,2015,90000.0,,,0,
wine_01gzr4ksrr6qtq05b5crwe51f3,515.0,MAGNUM,2017,90000.0,,,0,
wine_01gzr4ksrr6qtq05b5crwe51f3,516.0,MAGNUM,2016,150000.0,,,0,
wine_01gzr4ksrr6qtq05b5crwe51f3,517.0,BOTTLE,2016,58000.0,,,0,
wine_01gzr4ksrr6qtq05b5crwe51f3,518.0,BOTTLE,2017,33000.0,,,0,
wine_01gzr4ksrr6qtq05b5crwe51f3,518.0,BOTTLE,2018,33000.0,,,0,
wine_01gzr4ksrr0n3hj12wxzj7xv3t,519.0,BOTTLE,2018,16000.0,,,0,
wine_01gzr4ksrrnzsc6eq4k2d2pfmc,520.0,BOTTLE,2018,18000.0,,,0,
wine_01gzr4ktj2f6pt3ee8k8qeg5gx,521.0,BOTTLE,2015,0.0,,,0,
wine_01gzr4ktqx6vzm9te2hadxvrqv,522.0,BOTTLE,2019,10000.0,,,0,
wine_01gzr4ktqxe7vze0wrfqndc25c,523.0,BOTTLE,2013,58000.0,,,0,
wine_01gzr4ktqxe7vze0wrfqndc25c,524.0,BOTTLE,2017,48000.0,,,0,
wine_01gzr4ktqxe7vze0wrfqndc25c,524.0,BOTTLE,2018,48000.0,,,0,
wine_01gzr4ktqxe7vze0wrfqndc25c,525.0,BOTTLE,2019,58000.0,,,0,
wine_01gzr4ktqxe7vze0wrfqndc25c,526.0,JEROBOAM,2019,360000.0,,,0,
wine_01gzr4ktqxk3rrt05n2ka437p3,527.0,BOTTLE,2018,29000.0,,,0,
wine_01gzr4ktqxk3rrt05n2ka437p3,527.0,BOTTLE,2019,29000.0,,,0,
wine_01gzr4ktqyr6bw18hp3q69257b,528.0,BOTTLE,2018,35000.0,,,0,
wine_01gzr4ktqyr6bw18hp3q69257b,529.0,BOTTLE,2019,42000.0,,,0,
wine_01gzr4ktg9gnn8fv71bs04f1dd,530.0,BOTTLE,2019,12000.0,,,0,
wine_01gzr4kt7rmtqah8vf04j2jwxa,531.0,BOTTLE,2019,9000.0,,,0,
wine_01gzr4kt7r5pny6wr77tb9cz11,532.0,BOTTLE,2019,29000.0,,,0,
wine_01gzr4kt7r3x3t7eg5575c6txs,533.0,BOTTLE,2019,29000.0,,,0,
wine_01gzr4kt7rqj4k2fertbs82g1y,534.0,BOTTLE,2018,24000.0,,,0,
wine_01gzr4kt7rj5cr0yb5mrzshzt7,535.0,BOTTLE,2019,28000.0,,,0,
wine_01gzr4kt7rfxxdhhr6mb1kpkk8,536.0,BOTTLE,2012,43000.0,,,0,
wine_01h0my5t3t6h3wdxhfs6e58096,538.0,BOTTLE,2014,51000.0,,,0,
wine_01h0my5t3t6h3wdxhfs6e58096,539.0,BOTTLE,2016,78000.0,,,0,
wine_01h0my5t3t6h3wdxhfs6e58096,540.0,MAGNUM,2016,170000.0,,,0,
wine_01h0my5t3tsvckfc82dvphp0wd,541.0,BOTTLE,2016,26000.0,,,0,
wine_01h0my5t3tsvckfc82dvphp0wd,541.0,BOTTLE,2020,26000.0,,,0,
wine_01h0my5sf0kx7ckz2qer388khx,542.0,BOTTLE,2016,32000.0,,,0,
wine_01h0my5sf0kx7ckz2qer388khx,542.0,BOTTLE,2019,32000.0,,,0,
wine_01h0my5sf0kx7ckz2qer388khx,542.0,BOTTLE,2020,32000.0,,,0,
wine_01h0my5re3rts4yykb3najatx0,543.0,BOTTLE,2019,36000.0,,,0,
wine_01h0my5re3rts4yykb3najatx0,544.0,BOTTLE,2015,0.0,,,0,
wine_01h0my5sf125hj0bgamgb4v5xd,545.0,BOTTLE,2017,7500.0,,,0,
wine_01hfxnejvyarwk68n4r68pgzyf,546.0,BOTTLE,2019,9000.0,,,0,
wine_01hfxnejvyarwk68n4r68pgzyf,547.0,MAGNUM,2019,20000.0,,,0,
wine_01h0my5seyrqektavb3gyamfhq,548.0,BOTTLE,2018,8000.0,,,0,
wine_01gzr4kt5ep30rpzt7e6f7dxab,549.0,BOTTLE,2016,42000.0,,,0,
wine_01gzr4ksppcr6xzdrpj8vew8tg,550.0,BOTTLE,2019,32000.0,,,0,
wine_01gzr4kt6x0gxw2pcv1ns9ctdb,554.0,BOTTLE,2016,26000.0,,,0,
wine_01gzr4kt6x0gxw2pcv1ns9ctdb,554.0,BOTTLE,2017,26000.0,,,0,
wine_01gzr4kt6x0gxw2pcv1ns9ctdb,554.0,BOTTLE,2018,26000.0,,,0,
wine_01gzr4kt6x0gxw2pcv1ns9ctdb,555.0,MAGNUM,2015,54000.0,,,0,
wine_01gzr4kt6x0gxw2pcv1ns9ctdb,555.0,MAGNUM,2017,54000.0,,,0,
wine_01gzr4kt6xmh9qqa6wb2vpzvkp,556.0,BOTTLE,2016,28000.0,,,0,
wine_01gzr4kt6xmh9qqa6wb2vpzvkp,556.0,BOTTLE,2017,28000.0,,,0,
wine_01gzr4kt6xmh9qqa6wb2vpzvkp,556.0,BOTTLE,2018,28000.0,,,0,
wine_01gzr4kt6xmh9qqa6wb2vpzvkp,557.0,MAGNUM,2016,73000.0,,,0,
wine_01gzr4kt6x51q4w7zb2qqpsrey,558.0,BOTTLE,2015,32000.0,,,0,
wine_01gzr4kt6x51q4w7zb2qqpsrey,558.0,BOTTLE,2018,32000.0,,,0,
wine_01gzr4kt6x51q4w7zb2qqpsrey,559.0,BOTTLE,2016,35000.0,,,0,
wine_01gzr4kt6x51q4w7zb2qqpsrey,559.0,BOTTLE,2019,35000.0,,,0,
wine_01gzr4kt6x51q4w7zb2qqpsrey,560.0,MAGNUM,2018,66000.0,,,0,
wine_01gzr4kt6x51q4w7zb2qqpsrey,560.0,MAGNUM,2019,66000.0,,,0,
wine_01gzr4ksd80dyvp82qzdjyy0rb,561.0,BOTTLE,2010,200000.0,,,0,
wine_01gzr4ksd80dyvp82qzdjyy0rb,562.0,MAGNUM,2010,420000.0,,,0,
wine_01gzr4ksd80dyvp82qzdjyy0rb,563.0,JEROBOAM,2010,880000.0,,,0,
wine_01gzr4ksd80dyvp82qzdjyy0rb,564.0,BOTTLE,2013,138000.0,,,0,
wine_01gzr4ksd80dyvp82qzdjyy0rb,564.0,BOTTLE,2014,138000.0,,,0,
wine_01gzr4ksd80dyvp82qzdjyy0rb,565.0,MAGNUM,2013,290000.0,,,0,
wine_01gzr4ksd80dyvp82qzdjyy0rb,565.0,MAGNUM,2014,290000.0,,,0,
wine_01gzr4ksd80dyvp82qzdjyy0rb,566.0,JEROBOAM,2013,600000.0,,,0,
wine_01gzr4ksd80dyvp82qzdjyy0rb,566.0,JEROBOAM,2014,600000.0,,,0,
wine_01gzr4ksd80dyvp82qzdjyy0rb,567.0,BOTTLE,2015,150000.0,,,0,
wine_01gzr4ksd80dyvp82qzdjyy0rb,568.0,MAGNUM,2015,320000.0,,,0,
wine_01gzr4ksg1y065j77e42zysr9d,569.0,BOTTLE,2018,8000.0,,,0,
wine_01gzr4ksg1d9p9wspfm7cy9nws,570.0,BOTTLE,2016,29000.0,,,0,
wine_01gzr4kt6xe3rp062s7tdk2s8f,571.0,BOTTLE,2019,14000.0,,,0,
wine_01gzr4kt6xh811n9e30392yn02,572.0,BOTTLE,2019,19000.0,,,0,
wine_01gzr4kt6xpdq3mb2vnmd3s31z,573.0,BOTTLE,2017,28000.0,,,0,
wine_01gzr4kt6x8c6dwz8dg1z4bm9z,574.0,BOTTLE,2013,72000.0,,,0,
wine_01gzr4kthbgarrg0k1c68vct6c,576.0,BOTTLE,2020,11000.0,,,0,
wine_01h0my5sczfm88bcn3vh271fq6,577.0,BOTTLE,2019,7000.0,,,0,
wine_01h0qsxmw5wj56ttcr5hja393p,579.0,BOTTLE,2013,8500.0,,,0,
wine_01gzr4ktjm8dkrt75756qxtjj0,580.0,BOTTLE,2019,0.0,,,0,
wine_01gzr4ktjm8dkrt75756qxtjj0,581.0,MAGNUM,2018,0.0,,,0,
wine_01gzr4ksrwyrtxrwcmh0h2ma30,582.0,BOTTLE,2019,13000.0,,,0,
wine_01gzr4ksrwyrtxrwcmh0h2ma30,583.0,MAGNUM,2019,26000.0,,,0,
wine_01h0qzm1bwdqt9nfpb5qxwyvps,586.0,BOTTLE,2022,0.0,,,0,
wine_01h0qzm1c2rhybrnf56sza84c3,587.0,BOTTLE,2020,0.0,,,0,
wine_01gzr4kthqzr4a6760mjm39x0h,588.0,BOTTLE,2018,4500.0,,,0,
wine_01h0qzm164mstmytk3786fpexd,590.0,BOTTLE,2017,6000.0,,,0,
wine_01h0qzm164mstmytk3786fpexd,591.0,MAGNUM,2010,16000.0,,,0,
wine_01gzr4ktjm7zs3xmrc0qwvps5n,592.0,BOTTLE,2019,6000.0,,,0,
wine_01h0qsxnbdcmkskes5qrt5b1hp,593.0,BOTTLE,2017,14000.0,,,0,
wine_01h0qsxn1cfxvh7ytrmz9gp2qk,594.0,MAGNUM,2015,19000.0,,,0,
wine_01h0qsxn1cfxvh7ytrmz9gp2qk,594.0,MAGNUM,2011,19000.0,,,0,
wine_01gzr4ksd12q2hmw4ae4sbrw25,595.0,BOTTLE,2022,6500.0,,,0,
wine_01gzr4ksd12q2hmw4ae4sbrw25,596.0,MAGNUM,2021,13000.0,,,0,
wine_01gzr4kt853ehafk26j3my2hfe,599.0,BOTTLE,2020,9000.0,,,0,
wine_01gzr4kt8080avd8m0x6ta2hpz,600.0,BOTTLE,2019,10000.0,Bio,,0,
wine_01hfv46xjep6nfh54zemwmhwq6,601.0,BOTTLE,2018,13000.0,,,0,
wine_01gzr4kss5r52yc8xcfn7xh7qj,602.0,BOTTLE,2019,23000.0,,,0,
wine_01gzr4ksny6gja7fn0tpxa4jdv,603.0,BOTTLE,2019,7000.0,,,0,
wine_01gzr4kss06zwcsc4b3znqxgds,604.0,BOTTLE,2020,4000.0,,,0,
wine_01gzr4kss06zwcsc4b3znqxgds,605.0,MAGNUM,2020,8000.0,,,0,
wine_01gzr4ksny2hxt8mx9sfhqn7vs,606.0,BOTTLE,2017,15000.0,,,0,
wine_01gzr4kt80aqyvxbtdggywpefb,607.0,MAGNUM,2019,0.0,,,0,
wine_01gzr4kt80aqyvxbtdggywpefb,608.0,BOTTLE,2018,22000.0,,,0,
wine_01gzr4kt80aqyvxbtdggywpefb,608.0,BOTTLE,2019,22000.0,,,0,
wine_01gzr4ksd960sygzpm3fmahghh,609.0,BOTTLE,2019,29000.0,,,0,
wine_01gzr4ktfgp9e2x9h8da6w61wy,610.0,BOTTLE,2019,17000.0,,,0,
wine_01gzr4kt10z3t0bvez32dtgmbb,611.0,BOTTLE,2018,36000.0,,,0,
wine_01gzr4kt10z3t0bvez32dtgmbb,611.0,BOTTLE,2019,36000.0,,,0,
wine_01gzr4kt10z3t0bvez32dtgmbb,612.0,BOTTLE,2020,29000.0,,,0,
wine_01gzr4kt10z3t0bvez32dtgmbb,613.0,MAGNUM,2016,120000.0,,,0,
wine_01gzr4kt10z3t0bvez32dtgmbb,614.0,MAGNUM,2019,100000.0,,,0,
wine_01h0my5rm9jp96emkssr3n64wy,615.0,BOTTLE,2020,22000.0,,,0,
wine_01h0my5rm9jp96emkssr3n64wy,616.0,MAGNUM,2020,0.0,,,0,
wine_01h0my5rm9jp96emkssr3n64wy,617.0,BOTTLE,2013,46000.0,,,0,
wine_01h0my5rm9jp96emkssr3n64wy,618.0,BOTTLE,2009,52000.0,,,0,
wine_01h0qsxmw209dh7a4h3dj5hvn5,619.0,BOTTLE,2020,0.0,,,0,
wine_01h0my5rm9t1289514mmb8xrf1,620.0,MAGNUM,2021,0.0,,,0,
wine_01gzr4ksd3d7r1nat6d0mmwhhg,621.0,BOTTLE,2019,0.0,,,0,
wine_01gzr4ksd3d7r1nat6d0mmwhhg,622.0,BOTTLE,2020,0.0,,,0,
wine_01gzr4ksd3d7r1nat6d0mmwhhg,623.0,JEROBOAM,2015,240000.0,,,0,
wine_01gzr4ksswn8cnrh7jb8qff1wy,625.0,BOTTLE,1998,0.0,,,0,
wine_01gzr4ksswn8cnrh7jb8qff1wy,626.0,BOTTLE,2016,33000.0,,,0,
wine_01gzr4ksswn8cnrh7jb8qff1wy,627.0,BOTTLE,2018,20000.0,,,0,
wine_01gzr4ksswn8cnrh7jb8qff1wy,627.0,BOTTLE,2020,20000.0,,,0,
wine_01gzr4ksswn8cnrh7jb8qff1wy,628.0,MAGNUM,2019,51000.0,,,0,
wine_01gzr4ksswn8cnrh7jb8qff1wy,628.0,MAGNUM,2020,51000.0,,,0,
wine_01gzr4ksswn8cnrh7jb8qff1wy,629.0,JEROBOAM,2018,115000.0,,,0,
wine_01gzr4ksswn8cnrh7jb8qff1wy,629.0,JEROBOAM,2019,115000.0,,,0,
wine_01gzr4ksd9rdtvnd5fjvjwac8b,630.0,BOTTLE,2010,78000.0,,,0,
wine_01gzr4ksd9rdtvnd5fjvjwac8b,631.0,BOTTLE,2012,0.0,,,0,
wine_01gzr4ksd9rdtvnd5fjvjwac8b,632.0,BOTTLE,2015,0.0,,,0,
wine_01gzr4ktff2k9dm5jfszkq1y2y,633.0,MAGNUM,2016,0.0,,,0,
wine_01h0f3cmcsahzfkv8pft8yj3hh,634.0,BOTTLE,2012,19000.0,,,0,
wine_01h0f3cmcsahzfkv8pft8yj3hh,634.0,BOTTLE,2013,19000.0,,,0,
wine_01hygmc83nked2r19hp8dz8kmx,635.0,MAGNUM,2018,0.0,,,0,
wine_01h0f3cmcrqwm76qr0hvpr258p,636.0,BOTTLE,2016,31000.0,,,0,
wine_01h0f3cmcs1jdc5sdvfensx9t2,637.0,BOTTLE,2016,55000.0,,,0,
wine_01h0f3cmcq8trqgcg35yx9h0q2,638.0,BOTTLE,2016,25000.0,,,0,
wine_01gzr4ktfgsnd47xs02ye7gr6g,639.0,BOTTLE,2013,25000.0,,,0,
wine_01gzr4ktfgsnd47xs02ye7gr6g,639.0,BOTTLE,2016,25000.0,,,0,
wine_01gzr4ktfgsnd47xs02ye7gr6g,639.0,BOTTLE,2017,25000.0,,,0,
wine_01gzr4ktfw0zs009rtydt0mm7z,640.0,BOTTLE,2016,45000.0,,,0,
wine_01h0f3cmcwe0bq3aah1mz4fssv,641.0,BOTTLE,2015,74000.0,,,0,
wine_01h0f3cmcwe0bq3aah1mz4fssv,641.0,BOTTLE,2017,74000.0,,,0,
wine_01h0f3cmcwe0bq3aah1mz4fssv,642.0,BOTTLE,2016,84000.0,,,0,
wine_01h0f3cmcwe0bq3aah1mz4fssv,643.0,MAGNUM,2016,180000.0,,,0,
wine_01gzr4ksd7xxn6av2sket6k35p,645.0,BOTTLE,2018,10000.0,,,0,
wine_01gzr4ksd7xxn6av2sket6k35p,646.0,MAGNUM,2018,29000.0,,,0,
wine_01gzr4kt22dvjcvwvkvt0kc15g,647.0,BOTTLE,2018,0.0,,,0,
wine_01h0f3cmcqf34xver4t352gbbx,648.0,MAGNUM,2016,25000.0,,,0,
wine_01h0f3cmcqf34xver4t352gbbx,649.0,BOTTLE,2017,13000.0,,,0,
wine_01h0b4rjfbxec4wbns09s0pa7j,650.0,BOTTLE,2018,11000.0,,,0,
wine_01h0my5t951wgvxyhjdfv9t52b,651.0,BOTTLE,2019,0.0,,,0,
wine_01gzr4kspp8p767re0qdjjj1p6,659.0,BOTTLE,2020,9000.0,,,0,
wine_01hfv4gwtds4hbaabqffvmwyyp,660.0,BOTTLE,2016,145000.0,,,0,
wine_01hfv4gwtds4hbaabqffvmwyyp,661.0,BOTTLE,2017,110000.0,,,0,
wine_01hfv4gwtds4hbaabqffvmwyyp,661.0,BOTTLE,2018,110000.0,,,0,
wine_01hfv4gwtds4hbaabqffvmwyyp,661.0,BOTTLE,2019,110000.0,,,0,
wine_01hfv4gwtds4hbaabqffvmwyyp,661.0,BOTTLE,2020,110000.0,,,0,
wine_01hfv4gwtds4hbaabqffvmwyyp,662.0,MAGNUM,2014,200000.0,,,0,
wine_01hfv4gwtds4hbaabqffvmwyyp,663.0,MATHUSALEM,2016,1680000.0,,,0,
wine_01gzr4kt7p6pjy25vtpkmbkqkp,664.0,BOTTLE,2017,70000.0,,,0,
wine_01gzr4kt7p6pjy25vtpkmbkqkp,665.0,BOTTLE,2018,46000.0,,,0,
wine_01gzr4kt7p6pjy25vtpkmbkqkp,665.0,BOTTLE,2019,46000.0,,,0,
wine_01gzr4ksd13hpy7q0n03dkf2wb,671.0,BOTTLE,1997,69000.0,,,0,
wine_01gzr4ksd13hpy7q0n03dkf2wb,671.0,BOTTLE,1998,69000.0,,,0,
wine_01gzr4ksd13hpy7q0n03dkf2wb,672.0,BOTTLE,1999,58000.0,,,0,
wine_01gzr4ksd13hpy7q0n03dkf2wb,672.0,BOTTLE,2000,58000.0,,,0,
wine_01gzr4ksd13hpy7q0n03dkf2wb,672.0,BOTTLE,2003,58000.0,,,0,
wine_01gzr4ksd13hpy7q0n03dkf2wb,673.0,BOTTLE,2006,56000.0,,,0,
wine_01gzr4ksd13hpy7q0n03dkf2wb,673.0,BOTTLE,2004,56000.0,,,0,
wine_01gzr4ksd13hpy7q0n03dkf2wb,674.0,BOTTLE,2011,43000.0,,,0,
wine_01gzr4ksd13hpy7q0n03dkf2wb,675.0,BOTTLE,2015,60000.0,,,0,
wine_01gzr4ksd13hpy7q0n03dkf2wb,676.0,MAGNUM,2015,140000.0,,,0,
wine_01gzr4ksd13hpy7q0n03dkf2wb,677.0,BOTTLE,2016,68000.0,,,0,
wine_01gzr4ksd13hpy7q0n03dkf2wb,678.0,MAGNUM,2016,170000.0,,,0,
wine_01gzr4ksd13hpy7q0n03dkf2wb,679.0,BOTTLE,2017,35000.0,,,0,
wine_01gzr4ksd13hpy7q0n03dkf2wb,679.0,BOTTLE,2018,35000.0,,,0,
wine_01gzr4ksd13hpy7q0n03dkf2wb,681.0,MAGNUM,2017,89000.0,,,0,
wine_01gzr4ksd13hpy7q0n03dkf2wb,681.0,MAGNUM,2018,89000.0,,,0,
wine_01gzr4ksd13hpy7q0n03dkf2wb,681.0,MAGNUM,2020,89000.0,,,0,
wine_01gzr4ksd13hpy7q0n03dkf2wb,682.0,JEROBOAM,2018,200000.0,,,0,
wine_01gzr4ksd13hpy7q0n03dkf2wb,682.0,JEROBOAM,2020,200000.0,,,0,
wine_01gzr4ksd13hpy7q0n03dkf2wb,683.0,MAGNUM,2019,98000.0,,,0,
wine_01gzr4ksd13hpy7q0n03dkf2wb,684.0,JEROBOAM,2019,230000.0,,,0,
wine_01gzr4ksd13hpy7q0n03dkf2wb,685.0,MATHUSALEM,2020,580000.0,,,0,
wine_01gzr4ksza4wdx8jrjcn6q6sth,687.0,BOTTLE,2020,6500.0,,,0,
wine_01gzr4ksza4wdx8jrjcn6q6sth,688.0,MAGNUM,2019,14000.0,,,0,
wine_01h0qzm099852t8aeyh4dx2k8w,689.0,BOTTLE,2016,9000.0,,,0,
wine_01h0qzm1v5edspk5wgk87pdfta,690.0,BOTTLE,2017,6500.0,,,0,
wine_01hczek1bgbjcw1vqbme07w4v0,691.0,BOTTLE,2019,5000.0,,,0,
wine_01gzr4ksncqqxkqpx1hcn3nty9,692.0,BOTTLE,2019,12000.0,,,0,
wine_01h4pmmfh7qv6jhpqwyczj3wf8,693.0,BOTTLE,2016,7000.0,,,0,
wine_01h4pmmfh7qv6jhpqwyczj3wf8,694.0,MAGNUM,2015,0.0,,,0,
wine_01gzr4ksn538gj86tet5g3ad2c,696.0,BOTTLE,2020,6000.0,,,0,
wine_01gzr4ksn538gj86tet5g3ad2c,697.0,MAGNUM,2020,12000.0,,,0,
wine_01h0my5rkg9tcrx4kt4gktkckn,698.0,BOTTLE,2020,9000.0,,,0,
wine_01gzr4kt16y83ba9q9yymzgvav,699.0,BOTTLE,2019,10000.0,,,0,
wine_01gzr4kt16jr9a27wz76vak55e,700.0,BOTTLE,2017,8000.0,,,0,
wine_01gzr4ksktxgmhcw3y7x327kxd,703.0,BOTTLE,2020,8000.0,,,0,
wine_01gzr4ksknmd61hkk9sxtdtzj7,704.0,BOTTLE,2020,6500.0,,,0,
wine_01gzr4ksknmd61hkk9sxtdtzj7,704.0,BOTTLE,2021,6500.0,,,0,
wine_01h0qzm1c5nxx59wbtgq5ejaxd,705.0,MAGNUM,2020,19000.0,,,0,
wine_01gzr4ksn5agw365140he6yvs3,706.0,MAGNUM,2020,13000.0,,,0,
wine_01h0sq48zaz8exm4vz0zf4kt7z,708.0,BOTTLE,2018,6000.0,,,0,
wine_01gzr4ksnyrhxzs3mytd8sngpx,710.0,MAGNUM,2015,39500.0,,,0,
wine_01gzr4ksnyrhxzs3mytd8sngpx,711.0,JEROBOAM,2016,76000.0,,,0,
wine_01gzr4ksnyrhxzs3mytd8sngpx,711.0,JEROBOAM,2015,76000.0,,,0,
wine_01gzr4ksep43461acqgvrpc7ed,713.0,MAGNUM,2019,13000.0,,,0,
wine_01gzr4ksd1x860bnccfgq1qzjh,717.0,BOTTLE,2019,14000.0,,,0,
wine_01hnb0hkvm8gyrqky2hqcgj1zw,728.0,BOTTLE,1988,140000.0,,,0,
wine_01hnb0hkvm8gyrqky2hqcgj1zw,729.0,BOTTLE,1983,120000.0,,,0,
wine_01h4pmmh3mgykymw9171xfctsx,741.0,BOTTLE,2020,8000.0,,,0,
wine_01h0r2pq6a9rg4gbnp7ce6dxd3,744.0,BOTTLE,2020,10000.0,,,0,
wine_01h0my5sm1tc2a3zfjc9m6pmjn,745.0,BOTTLE,2018,9000.0,,,0,
wine_01gzr4ktkz1qzcj81d635gn2rz,746.0,BOTTLE,2018,6500.0,,,0,
wine_01gzr4ksxmg8mms246rs0hqd7m,747.0,BOTTLE,2019,9000.0,,,0,
wine_01h0qzm16tc35qgj71eyb2vgvb,749.0,BOTTLE,2020,15000.0,,,0,
wine_01h0qzm16tc35qgj71eyb2vgvb,749.0,BOTTLE,2019,15000.0,,,0,
wine_01gzr4ktm2qyfzjfs8fprrtba5,750.0,BOTTLE,2016,0.0,,,0,
wine_01gzr4ksd8zqq1nc5ssy5wxayd,751.0,BOTTLE,2019,20000.0,,,0,
wine_01gzr4ksmxs4mptn5g50490kqx,752.0,BOTTLE,2017,43000.0,,,0,
wine_01gzr4ktm1xx49qa40jf7ca52e,753.0,BOTTLE,2017,15000.0,,,0,
wine_01h0my5tq5qza30r467hatawy2,754.0,BOTTLE,2017,360000.0,,,0,
wine_01h0my5tq5qza30r467hatawy2,755.0,BOTTLE,2019,490000.0,,,0,
wine_01h0my5tq5qza30r467hatawy2,756.0,BOTTLE,2020,580000.0,,,0,
wine_01h0qsxnyvv1efy9ade7zzd93d,758.0,BOTTLE,2018,24000.0,,,0,
wine_01hcwvb3khd480egztyqf1zgk7,759.0,MAGNUM,2018,49000.0,,,0,
wine_01gzr4kt4qcfd5mx3cbksfq1m0,760.0,BOTTLE,2016,82000.0,,,0,
wine_01h0qsxnyqn4kwjqna58gfdsqw,761.0,BOTTLE,2019,27000.0,,,0,
wine_01h0qsxnyqn4kwjqna58gfdsqw,761.0,BOTTLE,2018,27000.0,,,0,
wine_01gzr4ktk5dfxp5fyqqeee4zkf,762.0,BOTTLE,2021,0.0,,,0,
wine_01gzr4ksd70r9v19ry5pr4p903,763.0,BOTTLE,2019,87000.0,,,0,
wine_01gzr4ksd70r9v19ry5pr4p903,764.0,BOTTLE,2018,63000.0,,,0,
wine_01gzr4ktkpxj1s9qbxqf8vdk7v,765.0,BOTTLE,2019,100000.0,,,0,
wine_01gzr4ktkpxj1s9qbxqf8vdk7v,766.0,BOTTLE,2018,90000.0,,,0,
wine_01h0qzm1btj7agg7rayy323pky,767.0,BOTTLE,2020,20000.0,,,0,
wine_01h0sq486nj076swnymekkf46z,769.0,BOTTLE,2015,135000.0,,,0,
wine_01h0sq486nj076swnymekkf46z,769.0,BOTTLE,2019,135000.0,,,0,
wine_01gzr4ktjsrrjnnpxmxg6g250s,771.0,BOTTLE,2019,33000.0,,,0,
wine_01h4pmmgmwkw9bs6q49dq0g7nm,772.0,BOTTLE,2019,89000.0,,,0,
wine_01gzr4kt1shpz3zh0y6j4g6qd5,773.0,BOTTLE,2017,32000.0,,,0,
wine_01harvcm2wyasvmfgp26hgz4wn,774.0,BOTTLE,2020,46000.0,,,0,
wine_01h0qzm1axttnaw8h36fgzebvr,775.0,BOTTLE,2016,140000.0,,,0,
wine_01h0qzm1axbwbpzg37nxhzxhat,776.0,BOTTLE,2020,160000.0,,,0,
wine_01gzr4kt1p6z00d6zkzg0qp9e1,778.0,BOTTLE,2015,390000.0,,,0,
wine_01gzr4ksd77akqcmczp488xcb9,779.0,BOTTLE,2015,500000.0,,,0,
wine_01gzr4ksd5b32sstw2h0nxq01m,780.0,BOTTLE,2015,880000.0,,,0,
wine_01gzr4ksd5b32sstw2h0nxq01m,780.0,BOTTLE,2019,880000.0,,,0,
wine_01gzr4kt1n1tavkzeqfda3s7ae,781.0,BOTTLE,2015,560000.0,,,0,
wine_01gzr4kt1n1tavkzeqfda3s7ae,782.0,BOTTLE,2018,420000.0,,,0,
wine_01gzr4ksd5rxnd0ryzcamxbdqf,783.0,BOTTLE,2015,2800000.0,,,0,
wine_01gzr4ksd5rxnd0ryzcamxbdqf,783.0,BOTTLE,2019,2800000.0,,,0,
wine_01gzr4ksd5rxnd0ryzcamxbdqf,784.0,BOTTLE,2020,2300000.0,,,0,
wine_01gzr4ksd6j3hg3k8g0mjtgsj2,785.0,BOTTLE,2015,530000.0,,,0,
wine_01gzr4ktjs74hcavda8n8ma8zy,786.0,BOTTLE,2019,18500.0,,,0,
wine_01gzr4ktkyz9cw4yn5abjgnefv,787.0,BOTTLE,2019,32000.0,,,0,
wine_01h4pmmgxr5ky9pz8tcm9n3ned,789.0,BOTTLE,2018,16000.0,,,0,
wine_01h0qsxnrjycne7hqwdnawbwv6,790.0,BOTTLE,2017,13500.0,,,0,
wine_01h4pmmgxr303ejb83mw92xzeq,791.0,BOTTLE,2018,33000.0,,,0,
wine_01gzr4ktkzfbzpdmm0d2bhjt9v,792.0,BOTTLE,2016,13000.0,,,0,
wine_01hfxnejxbxkeencfzdrc8zfxa,793.0,BOTTLE,2016,9500.0,,,0,
wine_01gzr4ktm17t3qzttnej90eraa,794.0,BOTTLE,2019,14000.0,,,0,
wine_01h4pmmgj742zbaw5wfjz1tb9g,796.0,BOTTLE,2018,20000.0,,,0,
wine_01gzr4ksvxqss1t68x8pr875qy,797.0,BOTTLE,2013,9000.0,,,0,
wine_01gzr4ktp1t03y10bg5thz89y1,798.0,BOTTLE,2016,7000.0,,,0,
wine_01gzr4ktp12vvkzy5teg82azg1,799.0,BOTTLE,2014,7000.0,,,0,
wine_01h0my5sa7sse8e3qzgmxmy6mx,800.0,BOTTLE,2021,0.0,,,0,
wine_01gzr4kshbpn7apjw69ywq5xa0,801.0,BOTTLE,2020,42000.0,,,0,
wine_01gzr4ktwjna8h2pde4pp8b5gv,805.0,BOTTLE,2016,7500.0,,,0,
wine_01gzr4ksszhf1k5bwskdr5kt4g,808.0,BOTTLE,2017,8500.0,,,0,
wine_01gzr4kssywbk0m0rqppfjwm07,809.0,BOTTLE,2018,7500.0,,,0,
wine_01gzr4kt6tazhand1y55efyqta,811.0,BOTTLE,2010,42000.0,,,0,
wine_01gzr4ktpjen71x83db32ahtxw,812.0,BOTTLE,2017,25000.0,5°ANNO,,0,
wine_01gzr4ksd2dkjzk41y8z4zfs95,813.0,BOTTLE,2012,63000.0,,,0,
wine_01h0qsxntfq3bnkdkdmz08p89c,814.0,BOTTLE,2017,29000.0,,,0,
wine_01gzr4ksd6e1z722yv7tsczw7d,815.0,BOTTLE,2016,0.0,,,0,
wine_01gzr4ksmwp909xkhjg2kbyhtv,818.0,BOTTLE,2020,11000.0,,,0,
wine_01gzr4ksd3aq4bhnqr3egpfpxa,819.0,BOTTLE,2018,74000.0,,,0,
wine_01hcw4dg0pyetgrwnmecevvyqx,820.0,HALF_BOTTLE,2016,8000.0,,,0,
wine_01hcw4dg0pyetgrwnmecevvyqx,821.0,MAGNUM,2007,19000.0,,,0,
wine_01hcw4dg0pyetgrwnmecevvyqx,821.0,MAGNUM,2015,19000.0,,,0,
wine_01gzr4kt2dt4fqnqbeqct6yn4r,822.0,HALF_BOTTLE,2016,5000.0,,,0,
wine_01gzr4kt2dt4fqnqbeqct6yn4r,822.0,HALF_BOTTLE,2007,5000.0,,,0,
wine_01gzr4kt26a9npvn5zn8tnvk9c,823.0,HALF_BOTTLE,2011,19000.0,,,0,
wine_01h0qsxmxg4nv5b15r34zngzwb,824.0,BOTTLE,2022,2800.0,,,0,
wine_01h0r2ppqvdwengtpfm2pwhkrm,825.0,BOTTLE,2009,8000.0,,,0,
wine_01h0my5vnj6xe4y1ndgtjfvmg0,828.0,BOTTLE,2022,0.0,,,0,
wine_01gzr4kt161bkevhz3sm6zdajj,831.0,BOTTLE,2022,0.0,,,0,
wine_01gzr4kt8amj1jv46fsy6k7g64,832.0,BOTTLE,1998,13000.0,,,0,
wine_01gzr4ksd7e872x10xnwkw9yy9,834.0,BOTTLE,2018,10000.0,,,0,
wine_01gzr4ktrr2cxt023erdph1zqe,840.0,BOTTLE,0,0.0,,,0,
wine_01h0qzm1jvhajg8n1sdvffafq9,841.0,BOTTLE,0,4000.0,,,0,
wine_01gzr4ksd8bpzbzh0qrhgkn2rx,843.0,BOTTLE,2016,9000.0,,,0,
